,0,1,2,3,4,5,6,7,8,9,10,11,12,13,14,15,16,17,18,19,20,21,22,23,24,25,26,27,28,29,30,31,32,33,34,35,36,37,38,39,40,41,42,43,44,45,46,47,48,49,50,51,52,53,54,55,56,57,58,59,60,61,62,63,64,65,66,67,68,69,70,71,72,73,74,75,76,77,78,79,80,81,82,83,84,85,86,87,88,89,90,91,92,93,94,95,96,97,98,99,100,101,102,103,104,105,106,107,108,109,110,111,112,113,114,115,116,117,118,119
0,0.0,4.625639661554241,7.311646601880725,5.624164416424713,2.8722682001499984,5.515337038173197,2.753580831520245,6.985855019703401,5.740486267140706,5.786674061290654,3.98579598034178,2.091442982942422,2.3365238320910384,5.72519258104951,6.96725332738005,5.842930534408287,1.400502364234052,7.584146352605043,2.7776686937607713,9.956089239726438,1.7237156475099777,1.8508192024556407,7.846203301114333,3.499599493575385,6.970068391980107,10.83814703460992,4.690897950686516,5.736545137172947,7.504984494821653,5.574810417791841,4.474751767531557,8.11472437636665,6.58874864612281,6.307611480196459,5.325867768689491,1.6062420573944207,6.642139792342753,4.67555246312077,11.295567806266478,8.77638434875562,9.974042056025628,6.938940201475606,6.888639010044288,3.8272394577501334,1.6454174378702653,6.888639010044288,3.5733997140038527,3.5142042298969627,1.7211553380773101,4.235168443791867,2.0147380227548286,2.37355737631822,5.480557390200449,4.249448272463591,4.214480429210891,8.09679162569511,5.780058411889474,10.98967570627128,0.7449712189935161,2.9657917955196917,1.0609731507514137,7.311646601880725,5.3382935534783655,6.6189053597712295,5.877828824129459,10.38571726534034,7.871909972537831,10.244864183623385,4.691767841720001,3.3603719870026607,4.121119846045141,8.286260252163267,1.7085243390723397,1.3773675377042407,7.344616795610421,8.90751544338482,4.749274139997994,4.392629361258505,5.325795111703879,7.757704681646629,2.3462128154243036,6.344524040235425,5.94552642477482,6.574719654997475,7.164305694754261,5.695094337569455,3.5640135435591294,5.420480529495022,6.0980488239365815,8.810781735136764,3.7771606020965502,1.8990416935952634,1.673116634534138,1.2317730991306846,2.516932424422895,10.20580492559321,5.212401316391592,7.455887481437612,3.679685375910375,0.8872623576216511,3.739866124966614,1.0546588336836027,2.9579646413206104,0.7313277478487149,4.31846079834466,5.66555056965843,8.342964355350531,5.301923182457776,6.055754589577544,4.186696197363253,0.9708588971366158,8.27828433106323,5.701267306159933,4.771879376562201,7.3895170042968195,3.922464570792823,5.436718940003487,2.2491866586489726,10.296655042727991,6.055754589577544
1,4.625639661554241,0.0,8.170536529875967,2.2369596282483086,3.418735716245341,5.031852814992724,4.676435422204121,6.370518794773485,3.142552794789922,3.4045855320789684,7.244905982205596,6.074777379549973,2.424492422789889,7.179398460762517,3.235147260134211,4.98213403601971,4.70300820599608,3.238053105819929,5.801242640118417,5.809567439924284,5.2600766333469,2.8621475700567034,4.727163215117083,4.355588163007802,2.344519745900202,7.289807241819384,7.604733414688336,2.5728340945051302,3.07092358138476,5.978195207055524,3.475360405008639,5.53744365329842,4.009943781148914,2.6667804713907484,1.1915999427934838,4.658903071043524,2.694371161276311,4.971180939657971,7.335602631648406,5.229613507942027,5.505363383723724,7.001259129263901,2.4901746778324125,4.3395978466232865,3.196551491806217,2.4901746778324125,4.967737004579304,4.044077263260793,5.976335069213907,7.81107559242846,2.697730903523615,5.094241054588154,5.574520651609675,3.2088988956933937,1.5440996216027376,4.575951416287997,6.296348035594603,7.351242414953334,4.272745474061622,2.0506579843293076,3.590373737004591,8.170536529875967,7.652208670183828,7.766876567131942,7.480800937638276,6.748487999021781,8.894601434598755,5.72794487075122,6.703351047242951,2.158746140520458,7.276440463853844,9.045935043131877,3.161356479075232,3.439289212126326,8.051544135386743,6.819786702093221,5.985337379499256,7.902634502666573,5.065333755526805,3.170279942650424,5.753799948835322,6.316442634812688,4.074970722552907,6.07359003367485,2.541841710856025,2.148743151297966,3.605734123723327,5.682073554745504,8.026524747330386,6.2435866060886465,1.1892261587196082,5.904209431436374,5.494146609735435,5.413160091763776,2.469198254764995,6.045980188889614,6.883414329222358,4.864844379838625,4.608132567430377,4.6786401635460475,4.145713779844249,3.593649981082386,2.060364769373823,4.408469655904506,6.33527609857707,7.0226962004673315,7.666887953255313,5.652750529564472,6.795472829322709,5.830314008883482,5.5945225398664995,4.867675492484332,6.255233403240777,1.1639409978292168,7.726509349150199,3.2992892100940048,0.8408541986777853,6.327449578571319,6.435851007722643,6.795472829322709
2,7.311646601880725,8.170536529875967,0.0,6.67686221044274,5.251350275640068,12.136485189925166,9.903787599064232,2.551711161721924,11.115021756756468,5.415771260553112,4.416728290519371,5.925076960214815,7.945481440650293,1.6504043102366395,7.1936799658991,3.46172993019381,5.911651274685056,11.06090479214015,4.726934959144513,13.58864848382372,5.707269172872491,7.7546768149389305,12.89280846308443,4.2000087550064915,9.458859445848049,15.372924622961815,3.737465575247367,10.672321886335281,10.794592924440304,2.1944390072711957,4.701350589087128,5.583371053995904,5.493871362878812,6.969790011670824,7.597833967550944,5.706553867188518,10.827507058127814,3.238226529383698,15.190341459989327,7.445182808474804,12.78661138757219,1.507768578056297,8.409774153697034,4.036508242820968,7.957801420283404,8.409774153697034,3.8388965442673926,4.405972147418686,6.40772255928899,4.927857887912066,6.9003018661948285,4.946901549246901,2.6022998898000376,4.961638015689826,9.197412913713265,12.73069754158865,1.878332567107651,15.398288635862816,6.647270478992483,6.597351499948095,7.465319899777033,0.0,2.7012339440969466,0.747073995469575,1.6362745422963678,14.81448369015584,0.7297127652234184,10.807093496199327,2.772757070393444,8.97507030455116,4.231884900067764,0.9794265681613069,8.010247838672495,7.868556665382641,0.26090114408861925,14.829360594182218,2.591745154318519,4.79729101368385,3.134614476852861,10.455808635089147,5.243872348239911,2.011150294163091,4.711505097353181,2.5468509629375733,9.484283127509334,6.859764234859759,10.096190861424006,2.4885919093121744,1.9225207495584609,5.763520049926032,7.097019643138035,6.009130035729228,5.915668121486718,6.432578053910669,8.319381775083167,13.792537600425797,2.1803351174817505,12.947126576315021,3.9374383938956563,8.189312270947596,10.496818061587827,7.4524330185672225,6.591644891867028,6.607148738129383,3.0709394173098508,1.6663523743173791,2.627185634387906,2.5243693091598227,1.4024615481844014,3.1252386060741157,7.423608523860395,7.008069326214772,1.9261770928218247,7.157519364421923,0.8905928318864654,4.904444661609585,8.774854937630963,6.02911308029532,14.40474397582062,1.4024615481844014
3,5.624164416424713,2.2369596282483086,6.67686221044274,0.0,3.2501727524806383,7.2607369711725775,6.533020911467466,4.507846164502849,5.31548820724647,1.3412345255730727,6.990282979572833,6.410438606848524,3.998503196192656,6.058474363094488,1.343097637777187,3.238787593239625,5.115365678227258,4.427753737216118,5.710526124902571,6.91644280448341,5.568370424928904,4.277973000392042,6.622552807545824,3.729448787946209,2.78207707165014,8.78834621656929,7.119048328759541,4.682377809506719,4.144944751687858,4.59372370012956,2.2500059985371705,3.301026291650391,1.7955760301715114,0.6857913961103966,1.135178286044865,4.979083762179293,4.4183398353896,3.7942246261281016,8.520575050799817,3.2448213157569454,6.142576457391252,5.318271324253202,1.8199105954403318,3.5334649742254025,4.65546864269811,1.8199105954403318,4.351562177335558,3.407524860456826,6.489828559266091,7.65683686991403,3.6555414275741565,5.078601063577939,4.134542727774683,2.1516342508974433,3.7663683909526333,6.298122052872134,4.902281815756487,8.787638453397888,5.031632375123422,2.673026224367855,4.778401988671196,6.67686221044274,6.86297434545782,6.434482839403868,6.384047150676199,8.222186421494694,7.403544887611692,4.947530056872227,5.921114793150531,4.214410204899245,6.962484049982523,7.442891542061158,4.648393086924077,4.823269639301317,6.509038962750182,8.896445480128314,4.986212908444117,7.699838174947878,3.5832221816809313,3.7803577334890295,5.862356731136801,4.686749174472832,2.0828348786472946,4.290021702060475,2.8128203549549045,0.18339523058314333,5.702014179899286,4.295410455044426,7.0085303232074825,4.010600277546824,2.054123674819568,6.284469855803307,5.871489024399027,5.9918807127075215,4.209006029090733,7.117337993661676,5.90892939035759,6.917949722756771,3.900496566422892,5.993879622719503,6.242304571264746,4.775537096404653,2.6799318490314965,5.140221996122727,5.62924016221718,5.881853397719754,5.679872272740977,4.314215409702405,5.4169811821280955,5.064497894870642,6.506442595776508,2.8003448510466478,4.885271121741683,1.1480729680442527,6.072652884042663,2.4618699398461654,2.4166887379003894,6.674970386021781,7.766081345623668,5.4169811821280955
4,2.8722682001499984,3.418735716245341,5.251350275640068,3.2501727524806383,0.0,6.892452773879633,4.903441659266014,4.281825051548881,5.985159515840752,3.0256876732734606,3.8914838198060777,3.1706837767720675,2.7003056234076594,3.96401814938657,4.52336085697888,3.0237229917371042,1.9464370195245584,6.643978483987081,2.509245593649041,9.225015403372094,2.3379876011748273,2.561615411477486,7.915376534999191,1.0636611671448402,5.4464483687511445,10.65579687669089,4.192821584152764,5.639763126584217,6.453677270631464,3.1589005656264835,1.6108229212936829,5.270027110576971,3.8016706618403586,3.9117794366570697,3.4594845663626983,1.7764961844768299,6.071934017255421,2.108014406761309,10.753811776780926,6.122312407508589,8.820444313060767,4.466255398319601,4.905658539316238,1.230248769087718,2.8256182238888847,4.905658539316238,1.5951206304925003,0.8543198239267298,3.297159898090515,4.510921673803105,1.6718568861644743,1.8421333732222809,2.9139575170151755,1.415322163155963,4.063001741031784,7.893223926805263,3.4391841419938647,10.734938626473001,2.1428200829059785,1.4531641376540485,2.489819212894591,5.251350275640068,4.258033327087426,4.698511197584412,4.233131649697931,10.127082505020518,5.9296635024856075,8.18377148678888,3.3242120413926086,3.7328561168578793,3.9014874026519837,6.211067100313752,2.866981697594573,2.8072476999550373,5.201843209697584,9.655635236228278,2.7628527491233648,4.579265707789175,2.6138166473763267,6.411152607960086,2.615226422657039,3.7979757573037793,3.0892070774068094,3.8810788950049915,5.576720508942126,3.37946268656283,4.8677201148374944,2.9220482266326155,4.712521325204215,5.954231420690556,2.2296834784570128,3.0556578682173763,2.651590481728415,2.851238759976268,3.073443941286809,9.459491991910328,3.5860272107261126,7.8415476813329255,1.3333935965803605,3.55920772548015,5.29791901275996,2.47933850593142,1.4451073487050283,2.204336477941436,2.9415420270377233,3.83198480101635,5.677548707887939,2.8341422688148934,3.8570004420757273,2.4751560914552435,3.558683608047819,5.602399654592972,3.373705377162782,2.850573839086949,5.062508631353494,1.0649236470186703,4.211717987748052,3.434171802036469,9.845329197388915,3.8570004420757273
5,5.515337038173197,5.031852814992724,12.136485189925166,7.2607369711725775,6.892452773879633,0.0,2.944996304072162,10.927843033775483,2.5021234116520263,8.318099630991634,9.484211763468334,7.60337461826396,4.192530647499667,10.745780546712627,8.213400579794088,9.53235293618559,6.689882063031061,5.457096266325042,8.168179631673247,6.658324694915598,7.164571399105593,4.403879432774844,3.7091159797228412,7.936570199906939,6.270178515186114,6.465982907577548,10.151962354949905,3.172719713163674,5.629655431169361,10.042099197591263,7.876011400790094,10.559742449760751,8.998538502599619,7.686689803594865,6.209588491188683,6.8232390699177135,4.306418043134442,8.978689906251947,7.423936901803647,10.17045291553721,7.472570132187107,11.306429372803969,7.140429593984442,8.120242034867369,4.263063356017228,7.140429593984442,8.341627797295882,7.745289457095051,7.196191617521457,9.748556524231798,5.23647543255857,7.59820459812794,9.755381454293923,7.5692435366910376,3.4943930386082394,4.362963329116891,10.329181567919008,6.705998740627144,5.883366782866868,5.665092863368149,4.863537822130101,12.136485189925166,10.668775747979227,11.550008811915664,10.972128664015607,6.197112493212469,12.799821486257153,9.643046534132855,9.878129492132459,3.2639660878819416,9.608507607310369,13.101421050346746,4.20189359950486,4.421648739229329,12.093638448642542,3.6001756627562678,9.588531048799824,9.907523009916723,9.361999328547725,6.35037558086096,7.807681755399697,10.618561618695308,8.901322662638329,10.565687328578155,6.496823824481909,7.179971999046078,2.0589388535838653,9.790176911983368,11.331314774970052,11.271319830487437,5.526559612922288,7.412638682934024,7.174280210677112,6.74589572491604,3.8190687733901614,6.88156909636735,10.294484225654836,2.8995533791091703,8.199348293454038,4.760817061433454,1.77582312099075,4.876901918001367,5.668305993877816,5.984593250930845,9.478032931834028,10.638122404600189,12.310209709510124,9.712422052048453,10.747796025034512,9.167297353514645,6.127869600501199,9.855012645160324,10.264995250371383,6.136285073239247,11.940683880333927,7.46137358447445,5.157464198418932,7.742761361773057,6.438021170168487,10.747796025034512
6,2.753580831520245,4.676435422204121,9.903787599064232,6.533020911467466,4.903441659266014,2.944996304072162,0.0,9.181529513010064,4.068828026756307,7.202617687842852,6.722919190174206,4.780385376904867,2.5643989052047953,8.376294423237125,7.7749065114972655,7.876894350042389,4.0877855292518,6.69889580548145,5.523607107218506,8.638709237975704,4.474365908975294,2.4320186842473785,6.020427242961421,5.82142929019527,6.751673887981913,9.004078729683721,7.441744986469245,4.387730740743527,6.737853229124783,7.985368313759503,6.278836437708438,9.603822680310355,7.989412163415897,7.136376749787739,5.775878427913232,4.263732668751112,5.5538715954561475,6.978544727117647,9.731177827966224,9.759017607828797,9.051388875912837,9.332159062908165,7.162725303193878,6.0874914737473516,2.101794657046923,7.162725303193878,6.072688556201978,5.72223234430657,4.337150836965225,6.9120641696806215,3.3130230356835857,5.057044049482365,7.796188763724095,5.9891083649680485,3.4393146212829397,6.476042162206755,8.233147361814716,9.205182459848189,3.2937511766092973,4.134240508784152,2.454908076512712,9.903787599064232,8.081568285729634,9.2451341981232,8.556738677953746,8.636256035112845,10.507209039281054,10.281577213526303,7.39220141824548,2.555429583504667,6.864865745419689,10.883208320529125,2.0733744796355613,2.0966074933598997,9.907172996620925,6.515242556472135,7.3122952226966005,7.0789412968534595,7.51705581265592,7.247226303190349,5.0997620430191315,8.682402159739858,7.599925549536965,8.783248907294555,6.981146098930939,6.526418698474024,1.5149413166994008,7.7805223943631505,8.821232511452818,10.331865690172357,4.485656272383135,4.597762217940425,4.419877709150756,3.9439781992053864,2.3240212252029266,8.88469153948455,7.881062440372081,5.412999605445014,6.0546999499111305,1.905638690294225,1.3130728504226168,2.467194430534831,4.132358348395782,3.3610632462458425,7.005972497186197,8.297755274595527,10.579516091925337,7.678387396750485,8.577536720146226,6.800846460668004,3.220774520904732,9.332111116003633,8.159388096663681,5.421751032200559,9.870632699621991,5.761597026152432,5.246021193054134,4.889672429777156,8.71188637204279,8.577536720146226
7,6.985855019703401,6.370518794773485,2.551711161721924,4.507846164502849,4.281825051548881,10.927843033775483,9.181529513010064,0.0,9.483520029725796,3.1707450562787773,5.488062303418418,6.295825466528654,6.836809038351263,2.9579027407578224,4.777894153069609,1.4062327965016703,5.709061315396666,8.930977949661264,5.070511511626065,11.373371345503521,5.754588221675403,6.7963459643964566,11.046558234429014,3.4863681006785256,7.241838210539341,13.295265682044068,5.08479398533367,8.94303915411019,8.642063196827761,1.6775932938311429,3.052781601119406,3.043753216290649,3.055348465095931,4.659771824002801,5.5610379300253765,5.48613913636546,8.87971250735274,2.3179531120712205,12.978539147178001,4.893565402171954,10.454480798678068,1.0480362080500008,6.100654344322785,3.162848430891659,7.09022925384896,6.100654344322785,3.5349958778399375,3.499173356980869,6.6816376109599735,6.158995973801951,5.895025648618971,4.924317228892246,1.5546925173828798,3.3592300097743095,7.648811959115961,10.779018250199709,1.6985115863126665,13.290348569677024,6.244247808121923,5.272418416875581,6.767652658338329,2.551711161721924,4.246033128068788,2.7015769061048176,3.2201326420981555,12.728609748157497,3.199662066104913,8.280153367885383,3.693538661037766,7.664799782836159,5.345203338029223,3.0758808075518425,7.126532448903285,7.087281873642401,2.3151177802042553,13.187230958862719,2.787856361358371,6.089833912294723,1.6738515280654174,8.207848527464803,5.539010745787802,0.9069541677653497,2.427474979846818,0.4114949423783789,7.232487305784744,4.682288554770287,8.9953697158649,1.6781734828680828,3.835421991267886,3.2986816636737983,5.482924051736907,6.301445206441238,6.048802392191264,6.48643163239562,7.191820832243305,11.561736535313742,3.231297114947366,11.235208663429859,3.3209652781900294,7.771564801562936,9.470877785843259,6.756797362982169,5.270014121171319,6.258448985607567,3.726278409889968,2.8065058360514374,1.4006100985769532,1.8120644828952328,1.937983239409572,3.3686961380501663,7.422920108623286,4.458764395660944,1.7651687014661432,5.243087050876463,1.7337869169180682,3.4848024891423903,6.824310056873567,6.48834496843438,12.2597540227985,1.937983239409572
8,5.740486267140706,3.142552794789922,11.115021756756468,5.31548820724647,5.985159515840752,2.5021234116520263,4.068828026756307,9.483520029725796,0.0,6.542705481663229,9.350211590265092,7.722058043694227,3.6159122857491472,9.943639870809303,6.044924911802748,8.08332516759521,6.509492606122609,2.9739879911409366,7.908461700292812,4.576298863379498,7.066547783182844,4.041119297122396,2.1059228878999097,7.037436104241776,3.8313905820620047,5.1042279410988085,9.88503586888849,0.7100030753703329,3.131520022933587,8.92886769635639,6.502957389611993,8.570889299920564,7.11046787369335,5.605952710046052,4.187879870186754,6.567564223925913,1.807588648597088,7.876862130889888,5.6890784188093795,7.9207268783622355,5.132013232249244,10.050909963051375,4.818677717753102,7.120287866483054,4.123010172122914,4.818677717753102,7.572372397172097,6.77184676431635,7.435618539960764,9.775292014524203,4.573221677162015,7.234684221580903,8.563104897689467,6.2123390555205935,1.9260715908322743,2.42817473123589,9.240355863293455,5.268132878319997,5.797721416022024,4.550903524555997,4.773503353632215,11.115021756756468,10.170031532674047,10.634281665086274,10.217664099628657,4.672501785030293,11.824233281164062,7.1434797715175335,9.27212058647399,2.4484119045148636,9.432499719613407,12.031405221368798,4.056138076109044,4.377598188968906,11.022731135665829,3.7220307748102743,8.737679551691743,9.906599385518378,8.087828624000421,3.848778180660206,7.682041924003657,9.358112483729036,7.217383360468928,9.169020542501558,4.050490283104993,5.196192001337569,2.5580715961222755,8.644678710816951,10.689633684748186,9.250313252055847,4.040622729049186,7.5277592530295445,7.1873356126198775,6.892748729579779,3.3112166479504213,4.820605613158892,9.570127163898578,1.85759951607849,7.306778403223088,5.2793112569166585,2.8407941431206707,4.784521965382143,4.557802417900813,5.929422766300463,8.876508799160675,9.805447054869706,10.800058489894415,8.595629696747508,9.715953470315728,8.450525016998391,6.605640186767402,7.663446453537212,9.189424889430024,4.304982057338872,10.753775482486363,6.218136297732753,2.9633708793046516,7.9258325304381225,4.670387575818889,9.715953470315728
9,5.786674061290654,3.4045855320789684,5.415771260553112,1.3412345255730727,3.0256876732734606,8.318099630991634,7.202617687842852,3.1707450562787773,6.542705481663229,0.0,6.327141967049581,6.121696177028267,4.643260992196524,4.9670282350816315,1.8907991130900894,1.9541776925212473,4.970069792165945,5.76027314163228,5.213718815145637,8.220097575999793,5.321126799273891,4.804919238409659,7.944859437576806,3.1065095692090616,4.08203389578949,10.124788626736239,6.322125558780355,5.941085053035921,5.472311763116361,3.425213792224396,1.5279943213057474,2.405152564903726,0.8077879207298398,1.556736565806275,2.43644320036373,4.791730831158322,5.749734469646507,2.797730705700139,9.825754930883626,3.1180180598981675,7.371091275630369,4.013216934481246,2.9940262631815204,2.819562951046442,5.170604377484352,2.9940262631815204,3.6539888188920875,2.833143030819018,6.302767636008481,7.023969116819218,4.015423684249669,4.678394480760472,2.958709500090542,1.6250247558400934,4.85586667561955,7.636042810448767,3.7174132613451873,10.11985459682545,5.1010835464551345,3.084542724238437,5.124416809618235,5.415771260553112,5.913101142596977,5.237981807755999,5.29466627093247,9.557987878106035,6.135990944119493,5.7090111694946994,5.011825725996954,5.130312439849682,6.267039186147537,6.142700946390375,5.18058291992233,5.2798504594280145,5.233710018638658,10.17986004993686,4.005278893325101,7.038190445608187,2.4169244214719425,5.062702725432,5.473600252957643,3.4078805614864964,0.7433102500905895,2.9692615038407446,4.086921905530621,1.5127246150416274,6.5948645794027705,3.1394933673682646,5.940360514970997,3.1312366322310847,2.829109341462622,6.029988320905073,5.642760975778601,5.875473178751902,4.9265201795673095,8.414387390459353,4.896904331117602,8.205978183150798,3.198588643412553,6.325519331733564,7.121848044346983,5.118246790171279,3.0877343449603223,5.183333253072261,4.777492326689166,4.786283091761416,4.345101340927296,3.183063557974856,4.223616571668836,4.213304421136228,6.55960539786817,2.5913642484227286,3.712509978624304,2.240817677459217,4.768607844117362,1.9914834968611725,3.72130316952756,6.3782537757104905,9.091667657515808,4.223616571668836
10,3.98579598034178,7.244905982205596,4.416728290519371,6.990282979572833,3.8914838198060777,9.484211763468334,6.722919190174206,5.488062303418418,9.350211590265092,6.327141967049581,0.0,1.970352108826452,5.735188468100431,2.841234932392918,8.127361551815216,5.101281219227901,2.8573266246699895,10.482570496011535,1.460644255744159,13.042132151076004,2.331944498481006,5.331139379906726,11.416545265617637,3.269884395195227,9.3378980515014,14.305290654767926,0.7972260130097151,9.166461034627263,10.310809848324451,3.823242390364149,4.838591729730371,7.944196335719896,6.918572693405786,7.593444394034952,7.345119314383712,2.7831105457935754,9.800611468034218,3.69603772820029,14.531500162235872,9.346141129981941,12.704499863412856,4.856247401339582,8.742460401061209,3.515832873030046,5.331393650268852,8.742460401061209,2.6772256277899626,3.5851844768460563,2.460240703272428,0.7074070532450504,4.813629720810633,2.1649920110626257,4.087142620400402,4.858468822167662,7.542208582664843,11.518992239491677,3.798601424756689,14.41417434453597,3.6314909122753187,5.196833566682807,4.681794807189247,4.416728290519371,1.771701512407976,3.676416394813932,2.7826436797020526,13.802472294478376,4.721556735268504,11.92130385161249,1.8180663703865136,6.9061393645121285,0.19032795618131512,5.257731350549315,5.398555264959452,5.12082280866616,4.568273844731376,12.775229949261236,2.7267328392877728,0.7128377857673612,4.368278661272237,10.300290559557892,1.6907843412250678,4.590634804970754,5.998225443528395,5.145284526289596,9.466303845084685,7.144172127414875,7.481700978054553,3.904914120117881,2.636159343372084,8.460416099884547,6.073062818405317,2.138761337635284,2.3137855180661977,2.779625480214567,6.05538042697292,13.281959102837583,2.3736298675146137,11.170166711855844,3.135701079855621,4.818474551535232,7.709676107691541,4.669021215714119,5.187237756198078,3.5174381214446178,1.7725606138581391,2.9078001256220842,6.471749337228062,3.7789230489444856,3.715793376522276,2.238368225624996,3.6264445723115304,8.818523944062209,3.7273925192744413,6.739218570026372,4.91609136353513,4.529883781647963,8.065014656329568,1.9350849402443993,13.587671057364572,3.715793376522276
11,2.091442982942422,6.074777379549973,5.925076960214815,6.410438606848524,3.1706837767720675,7.60337461826396,4.780385376904867,6.295825466528654,7.722058043694227,6.121696177028267,1.970352108826452,0.0,4.149530666473644,4.274742597631835,7.694039453961752,5.482235780773827,1.3742664266153162,9.242566951922134,1.2468306490616583,11.72589783390865,0.8468859754042442,3.6923245332778523,9.822121229296082,3.124989757358231,8.345271469316808,12.781783957974552,2.7366719025201705,7.6355219413767506,9.115798350849873,4.665407410419612,4.607735667561633,8.16680190489171,6.849812720502597,7.0789525326185725,6.464666638714607,1.4540495583365236,8.418843361736807,4.07527317200361,13.140730479385041,9.239650510203946,11.573382823949407,5.947279075786434,7.98780553290832,3.4723199906438715,3.6055779494179445,7.98780553290832,2.8107466792011393,3.330187494291157,0.5048877469496972,2.1451959746040123,3.4115541054655,1.475803992909354,4.747023308398252,4.501700175792915,6.040968389878358,10.009747716449516,4.771179837941328,12.915876823998628,1.9336448864187508,4.083557441414705,2.950379963601448,5.925076960214815,3.5549718907004606,5.184741415355008,4.33697473052292,12.306562517310653,6.368758252154502,11.315007851542239,3.1541016105729596,5.284963282563536,2.130463211489755,6.855070460678887,3.6731475876044115,3.3630715121778705,6.018922246703246,10.989581987516898,3.616123031678697,2.305776003350267,4.808003183045717,9.237746950807455,0.7568292407502656,5.488661929398818,6.021532593978176,5.898913209392071,8.50872040607644,6.5309579533035516,5.651102986335498,4.618303546743721,4.392039606444169,8.788530398221928,4.998743998684697,0.19549646310946378,0.5806502129928288,0.8601501551276639,4.418272469650187,11.972498365148997,3.7448683819260915,9.487732583168256,3.1550621319313388,2.8760096077917745,5.828956040912155,2.9390449688108236,4.073815784117481,1.7980743373975043,2.8680156738036007,4.270572035676553,7.511598312128456,4.484777696276848,4.8880948721797175,2.996458413468368,1.6592203152612603,8.712877050530702,4.69011590992835,5.856638993858205,6.218392238089724,4.134775084690931,6.915624203893931,0.26480083055853176,12.162114729936835,4.8880948721797175
12,2.3365238320910384,2.424492422789889,7.945481440650293,3.998503196192656,2.7003056234076594,4.192530647499667,2.5643989052047953,6.836809038351263,3.6159122857491472,4.643260992196524,5.735188468100431,4.149530666473644,0.0,6.587284188520201,5.279678834065226,5.473699160117925,2.8955597801887882,5.24836111149682,4.299169339014752,7.634354092346494,3.456766863371082,0.48575073767209315,5.695907913437286,3.7456394314415364,4.739203950129002,8.635202385190365,6.286823887623993,3.486206886253893,5.1750021768177215,5.854628939248147,3.8284053493245898,7.041419360778456,5.426311388110869,4.627346100534593,3.359625864340275,2.952128852179944,4.317191794315163,4.794794810016175,9.007587069613379,7.240573828050512,7.641504520799882,7.138293519616937,4.860508661051263,3.9292524149860575,0.7745041846084048,4.860508661051263,4.175615019386498,3.553835789232558,3.917776392125468,6.164386908519021,1.0532409748589973,3.6381432929349127,5.5833120473851094,3.526527919886017,1.9015137453161486,5.860348146947402,6.138660100849126,8.766675270597453,2.2162247469431087,1.6088113515366818,1.277946895221013,7.945481440650293,6.64277479984022,7.369679753245353,6.829438193845749,8.157147503830515,8.613950765404468,8.149652453381423,5.788315668815191,1.171823255815397,5.820310501821152,8.909114434963257,0.7369417589735452,1.0289489035791064,7.901108930174869,7.1175503129350535,5.412107477722682,6.293070488078332,5.219487340443285,5.46459041095331,4.066913876408685,6.456833446915944,5.070762984903885,6.4564051388201245,4.947915188660797,4.007531003910672,2.175406618389761,5.608432292542097,7.2350177990374736,7.769852648179283,1.944557606400014,3.9584553342071227,3.5963492151771064,3.3552850955183464,0.3739400365479188,7.883441151745146,6.157991894023847,5.438796862841024,4.00987918715038,2.258992119876655,2.634555191500358,1.28542027811914,1.608636044401092,2.3529355101291896,5.387000645795216,6.4711241643928545,8.234929880641985,5.526727107038054,6.555340316494793,5.024947617535675,3.297081411053059,6.7974900535647595,6.073743109980867,2.924844190761226,7.756336943193138,3.3536335090674663,3.1803143656132504,4.3699459562420895,8.020744047210577,6.555340316494793
13,5.72519258104951,7.179398460762517,1.6504043102366395,6.058474363094488,3.96401814938657,10.745780546712627,8.376294423237125,2.9579027407578224,9.943639870809303,4.9670282350816315,2.841234932392918,4.274742597631835,6.587284188520201,0.0,6.851636234452271,3.1691891564600048,4.326662855217625,10.258865885508433,3.0832817124021776,12.83604067851318,4.082397276766058,6.341918424686749,11.831476269793303,2.906329896048701,8.780991137820244,14.46622204049563,2.253020188256657,9.568170652045579,10.019662897775133,1.5883352377283106,3.859789856958055,5.844474412062096,5.2845052773234515,6.489597308647794,6.811421888457665,4.130939456625565,9.873387421843143,2.2784603868489746,14.417119284916318,7.543704068687086,12.18644079193877,2.115673889528021,7.870147696748763,2.8492153307136783,6.50700818476911,7.870147696748763,2.411751025628228,3.1785173685897097,4.758447194391393,3.4209626093761356,5.534172529555725,3.3516357694317596,2.0396112413275387,4.055343880121913,8.018336721957581,11.748748148518581,1.3658096080685291,14.518934949322283,5.090584520476836,5.394039108011767,5.9707116723568605,1.6504043102366395,1.3054068392347213,0.9127506346404859,0.32772940179572374,13.920430351203578,2.1475115946179333,10.636841002146056,1.1230377075897022,7.679277866725107,2.664996190204263,2.5918968524546266,6.563834755691335,6.390966159803684,1.7582618890349107,13.619413110532628,1.2071968917799882,3.3142279265085466,2.5570917494228356,9.78902330426868,3.598866132946268,2.0742639512308036,4.3786617247001445,2.716882694781769,8.844434534865787,6.239398086245449,8.68941117464605,1.8443298786081532,0.9794483740123875,6.210656726795155,6.030836444647015,4.360316697674905,4.278073635479643,4.798210321242123,6.958895381100655,13.05472666447826,0.5308415360556131,11.797568805469377,2.636863835177533,6.609646544334903,9.056663332783222,5.957507442476871,5.38692578897732,5.038439924379338,1.4302388827738604,0.1814241079962296,3.7015251310404564,1.7862607938437292,1.0206252434112124,1.5851656237705736,5.787272389856066,7.050071946448386,1.33519559634654,6.293309809623682,2.0761410303287375,3.8921015985741163,7.873749884017198,4.3799401792318,13.570418543458583,1.0206252434112124
14,6.96725332738005,3.235147260134211,7.1936799658991,1.343097637777187,4.52336085697888,8.213400579794088,7.7749065114972655,4.777894153069609,6.044924911802748,1.8907991130900894,8.127361551815216,7.694039453961752,5.279678834065226,6.851636234452271,0.0,3.7637139796186663,6.425865715251924,4.467193810670583,6.919792959985485,6.709649767417523,6.858660023353083,5.587746834042515,7.004139891739862,4.861973301296292,2.7153178608213606,8.779507680773946,8.175335699347574,5.357784848004733,4.1514350958881305,5.294583248837828,3.2907717726278576,2.6653056039724325,1.7225495793494887,0.6631567107255948,2.047371765956322,6.27999583737367,4.801329400966712,4.683746333126036,8.301507402893375,1.9991204728860117,5.692285477871576,5.730759008967212,1.4642510806213218,4.615309334691573,5.96432502892288,1.4642510806213218,5.453131586078848,4.557499636233182,7.798013939319305,8.8123290665873,4.994613734523038,6.31986559909087,4.829144984014924,3.281027156181177,4.766503179068278,6.550461313231121,5.576957751467849,8.733506914501833,6.370540420057026,4.013810385230042,6.114001289622477,7.1936799658991,7.800283897887248,7.079681227478271,7.178965500865455,8.211952968693652,7.898437689794289,3.826526282556944,6.890980430821694,5.356380060602055,8.08146304172671,7.842712423475023,5.953298066412508,6.142900712129696,6.9923808769282685,9.410013453148274,5.893050435849735,8.840187918795813,4.295853063114712,3.5676466075278546,7.112825425589261,5.187220775310051,2.5035505976297294,4.66779960211205,2.632467732250915,1.2867321142979835,6.829221205078514,5.015572152267299,7.82712851815086,3.273053027217783,3.344482874625495,7.576443186007289,7.167859741983063,7.31154734077747,5.45986682958579,6.8783229999951745,6.787611010674282,7.445812738713645,4.994383968977529,7.3269846268978736,7.37083089284754,6.111476961875791,4.0208792328042815,6.477336284456285,6.642051781416026,6.670533540063308,5.713108978761551,5.0656251396808045,6.074348489311029,6.0751108238960025,7.846734766341782,1.6417155079203938,5.577880932692597,2.3580248351480675,6.475890554882023,3.6298595755809937,3.09177224600449,7.957501793417139,7.670505128998874,6.074348489311029
15,5.842930534408287,4.98213403601971,3.46172993019381,3.238787593239625,3.0237229917371042,9.53235293618559,7.876894350042389,1.4062327965016703,8.08332516759521,1.9541776925212473,5.101281219227901,5.482235780773827,5.473699160117925,3.1691891564600048,3.7637139796186663,0.0,4.669685433557274,7.658212634294851,4.338897477633451,10.153914246932661,4.8232455351399555,5.4649738792951785,9.68034277500333,2.420279744603155,6.016325865175289,12.005972738216451,4.895023967728099,7.552099960671768,7.380565985821312,1.5809387200678757,1.6580916163889945,2.8449478973293347,2.1245028528569394,3.508379266786816,4.231580890750172,4.45258180219978,7.534431727617573,1.439292719187,11.758609789831606,4.398825293371196,9.325260863038938,2.0816517180797325,4.948191870329663,2.0668561538005754,5.776075275757352,4.948191870329663,2.680104164033388,2.335730579398202,5.801233805163894,5.806384578820806,4.568350188856759,4.025229311227424,1.1392912212051252,1.9648888230799402,6.2428201667127095,9.439632733671782,1.834760900094858,12.014599687103138,5.098590600254377,3.8903199225552476,5.506215686105669,3.46172993019381,4.2798549059711295,3.316705510584089,3.489899788750615,11.44211411766107,4.18198381512509,7.490814766770295,3.487003593856214,6.268407960968717,4.995599640558101,4.2041042111913045,5.807862389311752,5.795528048847472,3.280558664453727,11.792040696476349,2.4455342837775054,5.777480265961906,0.7330338192994801,7.006358441457544,4.741137196286593,1.4543801942190806,1.2610888017117954,1.0919816635939121,6.032161289949178,3.41993019074198,7.618186652546352,1.3411172208274234,4.1467510780321435,3.3726370118956392,4.076735852518383,5.450183952612312,5.138387392380424,5.5167074573036885,5.822024259303255,10.352656107464972,3.2173532132768563,9.845939079395482,2.335425606730303,6.575899914042075,8.102689085463098,5.496219148600806,3.8884686572410927,5.132885499533855,3.3655858613263057,2.9888941700031366,2.777981392624037,1.4297996274548836,2.3177535338922133,2.8629238309508946,6.392059073144465,3.8941229692491937,1.847065666157269,3.8716192952015995,2.834741644188914,2.125141025144542,5.472128196572866,5.70619034514378,11.00089064453181,2.3177535338922133
16,1.400502364234052,4.70300820599608,5.911651274685056,5.115365678227258,1.9464370195245584,6.689882063031061,4.0877855292518,5.709061315396666,6.509492606122609,4.970069792165945,2.8573266246699895,1.3742664266153162,2.8955597801887882,4.326662855217625,6.425865715251924,4.669685433557274,0.0,7.88467057108242,1.4784547904244612,10.386711661775388,0.5712348974539397,2.47662214793635,8.590960556358823,2.2551465547395724,6.971700134579384,11.516049623916315,3.471215090820746,6.364612976806638,7.751394992183268,4.225260284067323,3.511945531553951,7.162513527712328,5.7380395705773966,5.7937838943705895,5.1044106348037666,0.22314648608799945,7.091139050364427,3.392298999371726,11.823600514964138,8.068256500616803,10.20482020110503,5.584321389773262,6.639220117618845,2.6048691193268394,2.4791384202119127,6.639220117618845,2.216228559250105,2.3513647417487173,1.3745708149207918,3.2695857814713416,2.062143822134561,0.9767671477155118,4.172933848435685,3.3507194552625803,4.749980820559454,8.733533198981881,4.413269365591831,11.638702394550176,0.8099585291816632,2.7114251550330515,1.8379492552623342,5.911651274685056,4.0070542265533255,5.218630706869433,4.4858084293593485,11.027642571167194,6.472601352993899,9.980734020474445,3.308322949438817,4.06135085203277,2.9577677178310218,6.885873965297544,2.5458165036392884,2.28086913948931,5.947177447841028,9.921380131957097,3.3568429308037833,3.3975548967794964,4.083657365089071,7.863957868352312,1.1735675780391122,5.015410294251446,4.981403986418432,5.2981339724490715,7.136414270057727,5.224931896540617,4.657135408741584,4.093813945745699,4.733494551508483,7.82549090460377,3.625909690922157,1.2125743055391611,0.7954734804319794,0.9054382366727075,3.2038229754982046,10.632037761657378,3.816756691207276,8.318336640377472,2.390141902174461,2.2830588055130794,4.928453514534092,1.8248485581188894,2.7017168376298644,0.7271785073779549,2.9279029248636608,4.265287908791489,7.035298455344206,3.969854333037141,4.667911971474841,2.7872620826428993,1.724438608729046,7.548791109919995,4.333375263428854,4.499640967053406,6.007112740498134,2.989311121449134,5.543819057044351,1.6317453262936439,10.855331390221805,4.667911971474841
17,7.584146352605043,3.238053105819929,11.06090479214015,4.427753737216118,6.643978483987081,5.457096266325042,6.69889580548145,8.930977949661264,2.9739879911409366,5.76027314163228,10.482570496011535,9.242566951922134,5.24836111149682,10.258865885508433,4.467193810670583,7.658212634294851,7.88467057108242,0.0,9.036389060937287,2.588796700761607,8.450884645629971,5.733710548205844,2.7739040800814516,7.533456547626832,1.7529670134723523,4.367509596253217,10.836012640406272,2.395722748899176,0.32081298285367865,8.916161352805043,6.41836720668979,7.12399175496983,6.022261591770061,4.334170691897731,3.4684060407481194,7.860318027632297,1.184141068617533,7.992136150384531,4.158263814510793,5.924915320240532,2.404296399571436,9.739851349308445,3.003302143094864,7.4730254262486735,5.9802441497114796,3.003302143094864,8.15986628775529,7.2113333269391795,9.093102673316356,11.042687930917898,5.831079092886235,8.328782004946353,8.474358600738839,6.204765334623203,3.4328632922952136,2.1669734549359245,9.23309257407959,4.360025317270399,7.366932546118808,5.286362800623791,6.5236836619672145,11.06090479214015,10.838499325077652,10.752804023767517,10.572799438719393,3.7996748161030847,11.790424094058125,4.290408075083206,9.883212118890564,4.372817473744473,10.514435224426219,11.858204981281586,5.925815043507898,6.250536058175049,10.906774905813826,5.260840614188213,9.094583392436768,11.13721904582585,7.930904941271469,1.0923823144396565,8.970923723447633,9.0954448395999,6.503505620076933,8.717527830698002,1.8478257305390131,4.250571338904413,5.225893654220898,8.614351002484536,11.151891621314922,7.6871056644335845,4.4190080060311185,9.063850949505635,8.663987287207139,8.524618185880772,5.112804096348919,2.8184392143151964,10.012451787921494,3.464283996032276,7.773803563412588,7.407163812936961,5.635003563522057,6.530465037069363,5.296003867218447,7.50588397713624,9.527739523632942,10.092376326660144,10.049626394663193,8.610659689619718,9.746809436712828,9.003895273125865,8.545012949171973,5.836004536970264,9.205052621555856,3.9657106209740958,10.49252122704092,6.3794005180340205,2.433283101970418,9.48704010981819,3.3447644391637805,9.746809436712828
